0.000000e+00
4.947167e-05
9.781623e-05
1.449319e-04
1.907220e-04
2.350954e-04
2.779663e-04
3.192546e-04
3.588859e-04
3.967915e-04
4.329086e-04
4.671802e-04
4.995553e-04
5.299888e-04
5.584415e-04
5.848800e-04
6.092770e-04
6.316108e-04
6.518656e-04
6.700311e-04
6.861027e-04
7.000814e-04
7.119734e-04
7.217902e-04
7.295484e-04
7.352697e-04
7.389805e-04
7.407117e-04
7.404990e-04
7.383822e-04
7.344052e-04
7.286158e-04
7.210656e-04
7.118097e-04
7.009062e-04
6.884167e-04
6.744054e-04
6.589391e-04
6.420870e-04
6.239207e-04
6.045135e-04
5.839404e-04
5.622781e-04
5.396044e-04
5.159981e-04
4.915390e-04
4.663073e-04
4.403836e-04
4.138488e-04
3.867836e-04
3.592684e-04
3.313832e-04
3.032074e-04
2.748196e-04
2.462970e-04
2.177160e-04
1.891514e-04
1.606764e-04
1.323627e-04
1.042800e-04
7.649598e-05
4.907618e-05
2.208393e-05
-4.419838e-06
-3.037670e-05
-5.573080e-05
-8.042898e-05
-1.044208e-04
-1.276588e-04
-1.500983e-04
-1.716975e-04
-1.924177e-04
-2.122235e-04
-2.310820e-04
-2.489640e-04
-2.658431e-04
-2.816960e-04
-2.965025e-04
-3.102458e-04
-3.229117e-04
-3.344896e-04
-3.449714e-04
-3.543525e-04
-3.626307e-04
-3.698071e-04
-3.758854e-04
-3.808721e-04
-3.847765e-04
-3.876104e-04
-3.893881e-04
-3.901263e-04
-3.898441e-04
-3.885630e-04
-3.863063e-04
-3.830996e-04
-3.789704e-04
-3.739480e-04
-3.680632e-04
-3.613488e-04
-3.538388e-04
-3.455687e-04
-3.365750e-04
-3.268956e-04
-3.165694e-04
-3.056359e-04
-2.941356e-04
-2.821097e-04
-2.695997e-04
-2.566476e-04
-2.432958e-04
-2.295868e-04
-2.155631e-04
-2.012671e-04
-1.867414e-04
-1.720278e-04
-1.571682e-04
-1.422038e-04
-1.271753e-04
-1.121227e-04
-9.708522e-05
-8.210140e-05
-6.720874e-05
-5.244379e-05
-3.784201e-05
-2.343774e-05
-9.264110e-06
4.647009e-06
1.826507e-05
3.156090e-05
4.450674e-05
5.707630e-05
6.924479e-05
8.098895e-05
9.228709e-05
1.031191e-04
1.134665e-04
1.233124e-04
1.326415e-04
1.414403e-04
1.496968e-04
1.574007e-04
1.645432e-04
1.711174e-04
1.771177e-04
1.825403e-04
1.873830e-04
1.916448e-04
1.953266e-04
1.984306e-04
2.009605e-04
2.029214e-04
2.043197e-04
2.051632e-04
2.054608e-04
2.052230e-04
2.044610e-04
2.031875e-04
2.014161e-04
1.991614e-04
1.964389e-04
1.932652e-04
1.896575e-04
1.856340e-04
1.812133e-04
1.764149e-04
1.712588e-04
1.657656e-04
1.599561e-04
1.538517e-04
1.474742e-04
1.408455e-04
1.339877e-04
1.269232e-04
1.196743e-04
1.122635e-04
1.047130e-04
9.704529e-05
8.928238e-05
8.144621e-05
7.355848e-05
6.564055e-05
5.771343e-05
4.979774e-05
4.191366e-05
3.408086e-05
2.631849e-05
1.864513e-05
1.107877e-05
3.636731e-06
-3.664306e-06
-1.080838e-05
-1.778025e-05
-2.456542e-05
-3.115019e-05
-3.752162e-05
-4.366762e-05
-4.957690e-05
-5.523900e-05
-6.064434e-05
-6.578417e-05
-7.065060e-05
-7.523662e-05
-7.953608e-05
-8.354369e-05
-8.725501e-05
-9.066647e-05
-9.377533e-05
-9.657970e-05
-9.907850e-05
-1.012715e-04
-1.031591e-04
-1.047428e-04
-1.060245e-04
-1.070070e-04
-1.076940e-04
-1.080895e-04
-1.081984e-04
-1.080263e-04
-1.075793e-04
-1.068640e-04
-1.058878e-04
-1.046584e-04
-1.031841e-04
-1.014737e-04
-9.953633e-05
-9.738158e-05
-9.501939e-05
-9.246005e-05
-8.971413e-05
-8.679248e-05
-8.370618e-05
-8.046652e-05
-7.708493e-05
-7.357301e-05
-6.994243e-05
-6.620496e-05
-6.237238e-05
-5.845649e-05
-5.446907e-05
-5.042184e-05
-4.632643e-05
-4.219439e-05
-3.803709e-05
-3.386576e-05
-2.969144e-05
-2.552494e-05
-2.137684e-05
-1.725746e-05
-1.317684e-05
-9.144718e-06
-5.170494e-06
-1.263247e-06
2.568309e-06
6.315826e-06
9.971347e-06
1.352731e-05
1.697655e-05
2.031236e-05
2.352841e-05
2.661884e-05
2.957823e-05
3.240159e-05
3.508439e-05
3.762257e-05
4.001251e-05
4.225103e-05
4.433543e-05
4.626346e-05
4.803330e-05
4.964358e-05
5.109339e-05
5.238223e-05
5.351002e-05
5.447712e-05
5.528428e-05
5.593265e-05
5.642377e-05
5.675955e-05
5.694227e-05
5.697454e-05
5.685932e-05
5.659990e-05
5.619984e-05
5.566303e-05
5.499362e-05
5.419599e-05
5.327481e-05
5.223495e-05
5.108147e-05
4.981965e-05
4.845493e-05
4.699291e-05
4.543932e-05
4.380001e-05
4.208095e-05
4.028817e-05
3.842778e-05
3.650594e-05
3.452885e-05
3.250273e-05
3.043377e-05
2.832819e-05
2.619214e-05
2.403175e-05
2.185307e-05
1.966210e-05
1.746473e-05
1.526674e-05
1.307382e-05
1.089151e-05
8.725229e-06
6.580231e-06
4.461616e-06
2.374309e-06
3.230590e-07
-1.687577e-06
-3.653239e-06
-5.569768e-06
-7.433218e-06
-9.239859e-06
-1.098618e-05
-1.266891e-05
-1.428498e-05
-1.583159e-05
-1.730614e-05
-1.870630e-05
-2.002996e-05
-2.127525e-05
-2.244055e-05
-2.352447e-05
-2.452586e-05
-2.544381e-05
-2.627763e-05
-2.702689e-05
-2.769135e-05
-2.827102e-05
-2.876612e-05
-2.917708e-05
-2.950454e-05
-2.974934e-05
-2.991253e-05
-2.999533e-05
-2.999915e-05
-2.992558e-05
-2.977637e-05
-2.955344e-05
-2.925885e-05
-2.889480e-05
-2.846364e-05
-2.796783e-05
-2.740997e-05
-2.679273e-05
-2.611892e-05
-2.539141e-05
-2.461316e-05
-2.378719e-05
-2.291662e-05
-2.200457e-05
-2.105424e-05
-2.006886e-05
-1.905166e-05
-1.800591e-05
-1.693489e-05
-1.584186e-05
-1.473009e-05
-1.360283e-05
-1.246328e-05
-1.131464e-05
-1.016004e-05
-9.002594e-06
-7.845329e-06
-6.691229e-06
-5.543204e-06
-4.404088e-06
-3.276639e-06
-2.163526e-06
-1.067328e-06
9.471252e-09
1.064489e-06
2.095446e-06
3.100172e-06
4.076607e-06
5.022806e-06
5.936943e-06
6.817307e-06
7.662315e-06
8.470500e-06
9.240526e-06
9.971179e-06
1.066137e-05
1.131014e-05
1.191665e-05
1.248020e-05
1.300019e-05
1.347617e-05
1.390781e-05
1.429488e-05
1.463729e-05
1.493505e-05
1.518831e-05
1.539731e-05
